000000	000000	000000	000000	000000
000001	000000	000000	000000	000000
000002	000000	000000	000000	000000
000003	000000	000000	000000	000000
000004	000000	000000	000000	000000
000005	000000	000000	000000	000001
000006	000196	000665	000193	000383
000007	000000	000158	002877	002635
000008	003315	002581	000161	000124
000009	000013	000001	000044	000013
000010	000000	000001	000003	000012
000011	000000	000000	000004	000000
000012	000001	000003	000001	000004
000013	000045	000014	000001	000141
000014	000133	000022	000004	000344
000015	407187	054863	017203	000988
000016	081085	035356	008850	022724
000017	008240	000545	000450	002057
000018	008052	003684	016082	2168047
000019	1011316	4560400	4556925	2517022
000020	3395411	331725	377258	232512
000021	074018	006276	004480	005417
000022	004820	001184	001693	002018
000023	000789	000481	000455	004277
000024	001034	000382	000177	021584
000025	000798	000222	000149	014341
000026	000289	000303	001235	003769
000027	000288	000252	008618	000442
000028	000341	000099	001618	000122
000029	000235	000073	000153	000081
000030	000177	000080	000062	000084
000031	000134	000043	000041	000100
000032	000161	000033	000040	000058
000033	000172	000038	000032	000043
000034	000139	000031	000035	000035
000035	000117	000033	000029	000030
000036	000109	000030	000020	000033
000037	000109	000024	000030	000021
000038	000093	000018	000023	000024
000039	000083	000021	000018	000017
000040	000071	000014	000029	000018
000041	000063	000019	000037	000011
000042	000084	000019	000030	000015
000043	000073	000013	000044	000009
000044	000047	000005	000041	000009
000045	000052	000013	000046	000009
000046	000053	000011	000032	000007
000047	000044	000010	000031	000006
000048	000032	000014	000030	000009
000049	000047	000019	000042	000005
000050	000042	000018	000034	000011
000051	000055	000012	000025	000008
000052	000028	000013	000039	000010
000053	000048	000013	000023	000014
000054	000018	000012	000018	000010
000055	000021	000015	000020	000006
000056	000028	000012	000016	000009
000057	000023	000005	000014	000007
000058	000018	000007	000008	000004
000059	000012	000007	000009	000005
000060	000018	000002	000007	000000
000061	000019	000005	000006	000004
000062	000021	000002	000008	000001
000063	000012	000001	000010	000000
000064	000011	000003	000012	000003
000065	000013	000004	000009	000001
000066	000013	000002	000012	000000
000067	000010	000001	000012	000000
000068	000004	000001	000008	000000
000069	000005	000002	000011	000001
000070	000003	000002	000008	000000
000071	000006	000001	000010	000000
000072	000004	000000	000004	000001
000073	000007	000000	000011	000000
000074	000005	000000	000004	000000
000075	000002	000002	000007	000000
000076	000004	000001	000006	000001
000077	000002	000001	000011	000000
000078	000005	000002	000008	000001
000079	000002	000002	000003	000000
000080	000004	000001	000011	000000
000081	000001	000001	000009	000001
000082	000001	000002	000008	000000
000083	000002	000000	000008	000000
000084	000002	000001	000010	000000
000085	000005	000000	000006	000000
000086	000004	000000	000004	000000
000087	000005	000000	000004	000000
000088	000002	000000	000007	000000
000089	000003	000000	000006	000000
000090	000005	000000	000005	000000
000091	000003	000000	000002	000001
000092	000002	000000	000002	000000
000093	000004	000000	000004	000000
000094	000005	000001	000004	000000
000095	000003	000001	000004	000000
000096	000004	000001	000003	000000
000097	000002	000000	000001	000000
000098	000003	000001	000005	000000
000099	000001	000000	000002	000000
000100	000001	000000	000001	000000
000101	000001	000000	000004	000000
000102	000002	000000	000001	000001
000103	000002	000000	000002	000000
000104	000002	000000	000000	000000
000105	000000	000001	000000	000000
000106	000001	000000	000002	000000
000107	000000	000001	000000	000000
000108	000001	000000	000000	000000
000109	000000	000000	000001	000000
000110	000000	000000	000000	000000
000111	000000	000000	000001	000000
000112	000000	000000	000000	000000
000113	000000	000000	000000	000000
000114	000001	000000	000000	000000
000115	000001	000000	000002	000000
000116	000000	000000	000000	000000
000117	000000	000000	000000	000000
000118	000000	000000	000000	000000
000119	000000	000000	000000	000000
000120	000000	000000	000000	000000
000121	000000	000000	000000	000000
000122	000000	000000	000000	000000
000123	000000	000000	000000	000000
000124	000000	000000	000000	000000
000125	000000	000000	000000	000000
000126	000000	000000	000000	000000
000127	000001	000000	000000	000000
000128	000000	000000	000000	000000
000129	000000	000000	000000	000000
000130	000000	000000	000000	000000
000131	000000	000000	000000	000000
000132	000000	000000	000000	000000
000133	000000	000000	000000	000000
000134	000000	000000	000000	000000
000135	000000	000000	000000	000000
000136	000000	000000	000000	000000
000137	000000	000000	000000	000000
000138	000000	000000	000000	000000
000139	000000	000000	000001	000000
000140	000000	000000	000000	000000
000141	000000	000000	000000	000000
000142	000000	000000	000000	000000
000143	000000	000000	000000	000000
000144	000000	000000	000000	000000
000145	000001	000000	000000	000000
000146	000000	000000	000000	000000
000147	000000	000000	000000	000000
000148	000000	000000	000000	000000
000149	000000	000000	000000	000000
000150	000000	000000	000000	000000
000151	000000	000000	000000	000000
000152	000000	000000	000001	000000
000153	000000	000000	000000	000000
000154	000000	000000	000000	000000
000155	000000	000000	000000	000000
000156	000000	000000	000000	000000
000157	000000	000000	000000	000000
000158	000000	000000	000000	000000
000159	000000	000000	000000	000000
000160	000000	000000	000000	000000
000161	000000	000000	000000	000000
000162	000000	000000	000000	000000
000163	000000	000000	000000	000000
000164	000000	000000	000000	000000
000165	000000	000000	000000	000000
000166	000000	000000	000000	000000
000167	000000	000000	000000	000000
000168	000000	000000	000000	000000
000169	000000	000000	000000	000000
000170	000000	000000	000000	000000
000171	000000	000000	000000	000000
000172	000000	000000	000000	000000
000173	000000	000000	000000	000000
000174	000000	000000	000000	000000
000175	000000	000000	000000	000000
000176	000000	000000	000000	000000
000177	000000	000000	000000	000000
000178	000000	000000	000000	000000
000179	000000	000000	000000	000000
000180	000000	000000	000000	000000
000181	000000	000000	000000	000000
000182	000000	000000	000000	000000
000183	000000	000000	000000	000000
000184	000000	000000	000000	000000
000185	000000	000000	000000	000000
000186	000000	000000	000000	000000
000187	000000	000000	000000	000000
000188	000000	000000	000000	000000
000189	000000	000000	000000	000000
000190	000000	000000	000000	000000
000191	000000	000000	000000	000000
000192	000000	000000	000000	000000
000193	000000	000000	000000	000000
000194	000000	000000	000000	000000
000195	000000	000000	000000	000000
000196	000000	000000	000000	000000
000197	000000	000000	000000	000000
000198	000000	000000	000000	000000
000199	000000	000000	000000	000000
000200	000000	000000	000000	000000
000201	000000	000000	000000	000000
000202	000000	000000	000000	000000
000203	000000	000000	000000	000000
000204	000000	000000	000000	000000
000205	000000	000000	000000	000000
000206	000000	000000	000000	000000
000207	000000	000000	000000	000000
000208	000000	000000	000000	000000
000209	000000	000000	000000	000000
000210	000000	000000	000000	000000
000211	000000	000000	000000	000000
000212	000000	000000	000000	000000
000213	000000	000000	000000	000000
000214	000000	000000	000000	000000
000215	000000	000000	000000	000000
000216	000000	000000	000000	000000
000217	000000	000000	000000	000000
000218	000000	000000	000000	000000
000219	000000	000000	000000	000000
000220	000000	000000	000000	000000
000221	000000	000000	000000	000000
000222	000000	000000	000000	000000
000223	000000	000000	000000	000000
000224	000000	000000	000000	000000
000225	000000	000000	000000	000000
000226	000000	000000	000000	000000
000227	000000	000000	000000	000000
000228	000000	000000	000000	000000
000229	000000	000000	000000	000000
000230	000000	000000	000000	000000
000231	000000	000000	000000	000000
000232	000000	000000	000000	000000
000233	000000	000000	000000	000000
000234	000000	000000	000000	000000
000235	000000	000000	000000	000000
000236	000000	000000	000000	000000
000237	000000	000000	000000	000000
000238	000000	000000	000000	000000
000239	000000	000000	000000	000000
000240	000000	000000	000000	000000
000241	000000	000000	000000	000000
000242	000000	000000	000000	000000
000243	000000	000000	000000	000000
000244	000000	000000	000000	000000
000245	000000	000000	000000	000000
000246	000000	000000	000000	000000
000247	000000	000000	000000	000000
000248	000000	000000	000000	000000
000249	000000	000000	000000	000000
000250	000000	000000	000000	000000
000251	000000	000000	000000	000000
000252	000000	000000	000000	000000
000253	000000	000000	000000	000000
000254	000000	000000	000000	000000
000255	000000	000000	000000	000000
000256	000000	000000	000000	000000
000257	000000	000000	000000	000000
000258	000000	000000	000000	000000
000259	000000	000000	000000	000000
000260	000000	000000	000000	000000
000261	000000	000000	000000	000000
000262	000000	000000	000000	000000
000263	000000	000000	000000	000000
000264	000000	000000	000000	000000
000265	000000	000000	000000	000000
000266	000000	000000	000000	000000
000267	000000	000000	000000	000000
000268	000000	000000	000000	000000
000269	000000	000000	000000	000000
000270	000000	000000	000000	000000
000271	000000	000000	000000	000000
000272	000000	000000	000000	000000
000273	000000	000000	000000	000000
000274	000000	000000	000000	000000
000275	000000	000000	000000	000000
000276	000000	000000	000000	000000
000277	000000	000000	000000	000000
000278	000000	000000	000000	000000
000279	000000	000000	000000	000000
000280	000000	000000	000000	000000
000281	000000	000000	000000	000000
000282	000000	000000	000000	000000
000283	000000	000000	000000	000000
000284	000000	000000	000000	000000
000285	000000	000000	000000	000000
000286	000000	000000	000000	000000
000287	000000	000000	000000	000000
000288	000000	000000	000000	000000
000289	000000	000000	000000	000000
000290	000000	000000	000000	000000
000291	000000	000000	000000	000000
000292	000000	000000	000000	000000
000293	000000	000000	000000	000000
000294	000000	000000	000000	000000
000295	000000	000000	000000	000000
000296	000000	000000	000000	000000
000297	000000	000000	000000	000000
000298	000000	000000	000000	000000
000299	000000	000000	000000	000000
000300	000000	000000	000000	000000
000301	000000	000000	000000	000000
000302	000000	000000	000000	000000
000303	000000	000000	000000	000000
000304	000000	000000	000000	000000
000305	000000	000000	000000	000000
000306	000000	000000	000000	000000
000307	000000	000000	000000	000000
000308	000000	000000	000000	000000
000309	000000	000000	000000	000000
000310	000000	000000	000000	000000
000311	000000	000000	000000	000000
000312	000000	000000	000000	000000
000313	000000	000000	000000	000000
000314	000000	000000	000000	000000
000315	000000	000000	000000	000000
000316	000000	000000	000000	000000
000317	000000	000000	000000	000000
000318	000000	000000	000000	000000
000319	000000	000000	000000	000000
000320	000000	000000	000000	000000
000321	000000	000000	000000	000000
000322	000000	000000	000000	000000
000323	000000	000000	000000	000000
000324	000000	000000	000000	000000
000325	000000	000000	000000	000000
000326	000000	000000	000000	000000
000327	000000	000000	000000	000000
000328	000000	000000	000000	000000
000329	000000	000000	000000	000000
000330	000000	000000	000000	000000
000331	000000	000000	000000	000000
000332	000000	000000	000000	000000
000333	000000	000000	000000	000000
000334	000000	000000	000000	000000
000335	000000	000000	000000	000000
000336	000000	000000	000000	000000
000337	000000	000000	000000	000000
000338	000000	000000	000000	000000
000339	000000	000000	000000	000000
000340	000000	000000	000000	000000
000341	000000	000000	000000	000000
000342	000000	000000	000000	000000
000343	000000	000000	000000	000000
000344	000000	000000	000000	000000
000345	000000	000000	000000	000000
000346	000000	000000	000000	000000
000347	000000	000000	000000	000000
000348	000000	000000	000000	000000
000349	000000	000000	000000	000000
000350	000000	000000	000000	000000
000351	000000	000000	000000	000000
000352	000000	000000	000000	000000
000353	000000	000000	000000	000000
000354	000000	000000	000000	000000
000355	000000	000000	000000	000000
000356	000000	000000	000000	000000
000357	000000	000000	000000	000000
000358	000000	000000	000000	000000
000359	000000	000000	000000	000000
000360	000000	000000	000000	000000
000361	000000	000000	000000	000000
000362	000000	000000	000000	000000
000363	000000	000000	000000	000000
000364	000000	000000	000000	000000
000365	000000	000000	000000	000000
000366	000000	000000	000000	000000
000367	000000	000000	000000	000000
000368	000000	000000	000000	000000
000369	000000	000000	000000	000000
000370	000000	000001	000000	000000
000371	000000	000000	000000	000000
000372	000000	000000	000000	000000
000373	000000	000000	000000	000000
000374	000000	000000	000000	000000
000375	000000	000000	000000	000000
000376	000000	000000	000000	000000
000377	000000	000000	000000	000000
000378	000000	000000	000000	000000
000379	000000	000000	000000	000000
000380	000000	000000	000000	000000
000381	000000	000000	000000	000000
000382	000000	000000	000000	000000
000383	000000	000000	000000	000000
000384	000000	000000	000000	000000
000385	000000	000000	000000	000000
000386	000000	000000	000000	000000
000387	000000	000000	000000	000000
000388	000000	000000	000000	000000
000389	000000	000000	000000	000000
000390	000000	000000	000000	000000
000391	000000	000000	000000	000000
000392	000000	000000	000000	000000
000393	000000	000000	000000	000000
000394	000000	000000	000000	000000
000395	000000	000000	000000	000000
000396	000000	000000	000000	000000
000397	000000	000000	000000	000000
000398	000000	000000	000000	000000
000399	000000	000000	000000	000000
