000000	000000
000001	000000
000002	000000
000003	000000
000004	000000
000005	000000
000006	000013
000007	003197
000008	000022
000009	000056
000010	000003
000011	000000
000012	000000
000013	000001
000014	000004
000015	005192
000016	043102
000017	012804
000018	4406477
000019	485604
000020	036175
000021	001638
000022	000627
000023	000390
000024	000164
000025	000103
000026	002246
000027	000168
000028	000052
000029	000050
000030	000045
000031	000026
000032	000017
000033	000029
000034	000021
000035	000020
000036	000018
000037	000007
000038	000018
000039	000012
000040	000020
000041	000014
000042	000019
000043	000044
000044	000029
000045	000030
000046	000124
000047	000119
000048	000052
000049	000042
000050	000043
000051	000132
000052	000100
000053	000058
000054	000053
000055	000028
000056	000016
000057	000017
000058	000017
000059	000012
000060	000006
000061	000006
000062	000003
000063	000007
000064	000010
000065	000007
000066	000003
000067	000008
000068	000010
000069	000007
000070	000009
000071	000008
000072	000012
000073	000010
000074	000009
000075	000007
000076	000010
000077	000004
000078	000014
000079	000010
000080	000010
000081	000006
000082	000010
000083	000007
000084	000005
000085	000008
000086	000003
000087	000006
000088	000005
000089	000005
000090	000002
000091	000002
000092	000004
000093	000001
000094	000002
000095	000003
000096	000003
000097	000002
000098	000001
000099	000002
000100	000001
000101	000002
000102	000001
000103	000000
000104	000001
000105	000000
000106	000001
000107	000001
000108	000003
000109	000002
000110	000001
000111	000002
000112	000001
000113	000000
000114	000000
000115	000000
000116	000000
000117	000000
000118	000000
000119	000001
000120	000000
000121	000000
000122	000001
000123	000000
000124	000000
000125	000000
000126	000000
000127	000000
000128	000000
000129	000000
000130	000000
000131	000000
000132	000000
000133	000000
000134	000000
000135	000000
000136	000000
000137	000000
000138	000000
000139	000000
000140	000000
000141	000000
000142	000001
000143	000000
000144	000000
000145	000000
000146	000000
000147	000000
000148	000000
000149	000000
000150	000000
000151	000000
000152	000000
000153	000000
000154	000000
000155	000000
000156	000000
000157	000000
000158	000000
000159	000000
000160	000000
000161	000000
000162	000000
000163	000000
000164	000000
000165	000000
000166	000000
000167	000000
000168	000000
000169	000000
000170	000000
000171	000000
000172	000000
000173	000000
000174	000000
000175	000000
000176	000000
000177	000000
000178	000000
000179	000000
000180	000000
000181	000000
000182	000000
000183	000000
000184	000000
000185	000000
000186	000000
000187	000000
000188	000000
000189	000000
000190	000000
000191	000000
000192	000000
000193	000000
000194	000000
000195	000000
000196	000000
000197	000000
000198	000000
000199	000000
000200	000000
000201	000000
000202	000000
000203	000000
000204	000000
000205	000000
000206	000000
000207	000000
000208	000000
000209	000000
000210	000000
000211	000000
000212	000000
000213	000000
000214	000000
000215	000000
000216	000000
000217	000000
000218	000000
000219	000000
000220	000000
000221	000000
000222	000000
000223	000000
000224	000000
000225	000000
000226	000000
000227	000000
000228	000000
000229	000000
000230	000000
000231	000000
000232	000000
000233	000000
000234	000000
000235	000000
000236	000000
000237	000000
000238	000000
000239	000000
000240	000000
000241	000000
000242	000000
000243	000000
000244	000000
000245	000000
000246	000000
000247	000000
000248	000000
000249	000000
000250	000000
000251	000000
000252	000000
000253	000000
000254	000000
000255	000000
000256	000000
000257	000000
000258	000000
000259	000000
000260	000000
000261	000000
000262	000000
000263	000000
000264	000000
000265	000000
000266	000000
000267	000000
000268	000000
000269	000000
000270	000000
000271	000000
000272	000000
000273	000000
000274	000000
000275	000000
000276	000000
000277	000000
000278	000000
000279	000000
000280	000000
000281	000000
000282	000000
000283	000000
000284	000000
000285	000000
000286	000000
000287	000000
000288	000000
000289	000000
000290	000000
000291	000000
000292	000000
000293	000000
000294	000000
000295	000000
000296	000000
000297	000000
000298	000000
000299	000000
000300	000000
000301	000000
000302	000000
000303	000000
000304	000000
000305	000000
000306	000000
000307	000000
000308	000000
000309	000000
000310	000000
000311	000000
000312	000000
000313	000000
000314	000000
000315	000000
000316	000000
000317	000000
000318	000000
000319	000000
000320	000000
000321	000000
000322	000000
000323	000000
000324	000000
000325	000000
000326	000000
000327	000000
000328	000000
000329	000000
000330	000000
000331	000000
000332	000000
000333	000000
000334	000000
000335	000000
000336	000000
000337	000000
000338	000000
000339	000000
000340	000000
000341	000000
000342	000000
000343	000000
000344	000000
000345	000000
000346	000000
000347	000000
000348	000000
000349	000000
000350	000000
000351	000000
000352	000000
000353	000000
000354	000000
000355	000000
000356	000000
000357	000000
000358	000000
000359	000000
000360	000000
000361	000000
000362	000000
000363	000000
000364	000000
000365	000000
000366	000000
000367	000000
000368	000000
000369	000000
000370	000000
000371	000000
000372	000000
000373	000000
000374	000000
000375	000000
000376	000000
000377	000000
000378	000000
000379	000000
000380	000000
000381	000000
000382	000000
000383	000000
000384	000000
000385	000000
000386	000000
000387	000000
000388	000000
000389	000000
000390	000000
000391	000000
000392	000000
000393	000000
000394	000000
000395	000000
000396	000000
000397	000000
000398	000000
000399	000000
