000000	000000
000001	000000
000002	000000
000003	000000
000004	000000
000005	000000
000006	000094
000007	003183
000008	000132
000009	000038
000010	000033
000011	000019
000012	000044
000013	000734
000014	008977
000015	048355
000016	030249
000017	002411
000018	1898944
000019	2773182
000020	173562
000021	002058
000022	001680
000023	001798
000024	010144
000025	012033
000026	027923
000027	002646
000028	000339
000029	000124
000030	000102
000031	000064
000032	000054
000033	000049
000034	000043
000035	000024
000036	000026
000037	000028
000038	000029
000039	000020
000040	000019
000041	000023
000042	000023
000043	000024
000044	000007
000045	000022
000046	000012
000047	000015
000048	000013
000049	000008
000050	000022
000051	000016
000052	000021
000053	000008
000054	000013
000055	000012
000056	000012
000057	000006
000058	000011
000059	000009
000060	000005
000061	000007
000062	000006
000063	000004
000064	000002
000065	000002
000066	000004
000067	000001
000068	000000
000069	000001
000070	000001
000071	000001
000072	000001
000073	000001
000074	000000
000075	000001
000076	000000
000077	000000
000078	000002
000079	000000
000080	000001
000081	000002
000082	000001
000083	000003
000084	000002
000085	000000
000086	000001
000087	000001
000088	000000
000089	000001
000090	000001
000091	000000
000092	000004
000093	000001
000094	000002
000095	000000
000096	000000
000097	000001
000098	000001
000099	000000
000100	000002
000101	000000
000102	000000
000103	000000
000104	000001
000105	000000
000106	000000
000107	000000
000108	000000
000109	000001
000110	000000
000111	000000
000112	000000
000113	000001
000114	000002
000115	000000
000116	000000
000117	000000
000118	000001
000119	000000
000120	000000
000121	000001
000122	000001
000123	000000
000124	000001
000125	000000
000126	000000
000127	000000
000128	000000
000129	000000
000130	000000
000131	000001
000132	000000
000133	000002
000134	000000
000135	000000
000136	000000
000137	000000
000138	000001
000139	000001
000140	000001
000141	000001
000142	000003
000143	000000
000144	000001
000145	000000
000146	000000
000147	000000
000148	000000
000149	000001
000150	000001
000151	000000
000152	000000
000153	000002
000154	000000
000155	000001
000156	000000
000157	000002
000158	000001
000159	000001
000160	000000
000161	000000
000162	000001
000163	000003
000164	000000
000165	000000
000166	000000
000167	000001
000168	000000
000169	000002
000170	000002
000171	000000
000172	000001
000173	000000
000174	000000
000175	000001
000176	000001
000177	000000
000178	000001
000179	000000
000180	000001
000181	000000
000182	000002
000183	000000
000184	000000
000185	000001
000186	000001
000187	000000
000188	000002
000189	000000
000190	000000
000191	000000
000192	000002
000193	000001
000194	000000
000195	000000
000196	000001
000197	000000
000198	000001
000199	000000
000200	000002
000201	000000
000202	000000
000203	000000
000204	000001
000205	000000
000206	000000
000207	000001
000208	000000
000209	000000
000210	000000
000211	000000
000212	000000
000213	000000
000214	000000
000215	000000
000216	000000
000217	000000
000218	000000
000219	000001
000220	000000
000221	000000
000222	000000
000223	000001
000224	000000
000225	000000
000226	000000
000227	000000
000228	000000
000229	000000
000230	000000
000231	000000
000232	000000
000233	000000
000234	000000
000235	000000
000236	000000
000237	000000
000238	000000
000239	000000
000240	000001
000241	000001
000242	000000
000243	000000
000244	000000
000245	000000
000246	000000
000247	000000
000248	000000
000249	000000
000250	000000
000251	000000
000252	000000
000253	000000
000254	000000
000255	000000
000256	000000
000257	000000
000258	000000
000259	000000
000260	000000
000261	000000
000262	000000
000263	000000
000264	000000
000265	000000
000266	000000
000267	000000
000268	000000
000269	000000
000270	000000
000271	000000
000272	000000
000273	000000
000274	000000
000275	000000
000276	000000
000277	000000
000278	000000
000279	000000
000280	000000
000281	000000
000282	000000
000283	000000
000284	000000
000285	000000
000286	000000
000287	000000
000288	000000
000289	000000
000290	000000
000291	000000
000292	000000
000293	000000
000294	000000
000295	000000
000296	000000
000297	000000
000298	000000
000299	000000
000300	000000
000301	000000
000302	000000
000303	000000
000304	000000
000305	000000
000306	000000
000307	000000
000308	000000
000309	000000
000310	000000
000311	000000
000312	000000
000313	000000
000314	000000
000315	000000
000316	000000
000317	000000
000318	000000
000319	000000
000320	000000
000321	000000
000322	000000
000323	000000
000324	000000
000325	000000
000326	000000
000327	000000
000328	000000
000329	000000
000330	000000
000331	000000
000332	000000
000333	000000
000334	000000
000335	000000
000336	000000
000337	000000
000338	000000
000339	000000
000340	000000
000341	000000
000342	000000
000343	000000
000344	000000
000345	000000
000346	000000
000347	000000
000348	000000
000349	000000
000350	000000
000351	000000
000352	000000
000353	000000
000354	000001
000355	000000
000356	000000
000357	000000
000358	000000
000359	000000
000360	000000
000361	000001
000362	000001
000363	000001
000364	000000
000365	000000
000366	000002
000367	000000
000368	000000
000369	000000
000370	000000
000371	000000
000372	000000
000373	000000
000374	000000
000375	000000
000376	000000
000377	000002
000378	000000
000379	000000
000380	000000
000381	000000
000382	000001
000383	000000
000384	000000
000385	000000
000386	000001
000387	000000
000388	000000
000389	000000
000390	000001
000391	000000
000392	000000
000393	000001
000394	000000
000395	000000
000396	000000
000397	000000
000398	000000
000399	000001
