000000	000000	000000	000000	000000	000000	000000	000000	000000
000001	000000	000000	000000	000000	000000	000000	000000	000000
000002	000000	000000	000000	000000	000000	000000	000000	000000
000003	000000	000000	000000	000001	000000	000000	000000	000000
000004	000006	000001	000005	000036	000005	000001	000091	000022
000005	000035	000029	000103	000155	000061	000020	000352	000269
000006	000370	000108	000373	000284	000227	000044	001522	000279
000007	006229	000894	001819	000526	002112	000114	003771	000494
000008	005238	000776	001624	000688	005958	000181	005962	000466
000009	003635	002240	004426	015380	006045	000439	007825	001266
000010	006700	055642	011686	083930	065163	003553	010210	109701
000011	071183	166487	025632	234903	1413983	011794	021334	303215
000012	265844	160270	037314	403989	989958	048831	231746	612514
000013	3477135	1113433	033376	536245	643690	114946	817883	1332850
000014	1059540	656045	012604	875421	196514	114056	3288885	448880
000015	037802	024698	008839	025703	021734	107268	559039	013392
000016	009789	003083	236271	013815	005649	134351	004672	009130
000017	003493	001677	927350	055686	004522	260640	003924	018298
000018	004573	002185	3264696	003872	006800	164247	007786	144501
000019	002925	051695	391172	008475	005173	139062	006424	074567
000020	002376	016257	003989	008660	004244	220164	006357	051021
000021	002092	002682	003310	074389	004017	075869	000902	105309
000022	002007	003078	007846	509400	005462	029518	001150	351505
000023	002477	064711	006366	994780	011117	063207	001517	224071
000024	004317	095518	007383	127746	139596	1002073	003643	462952
000025	006012	013642	003150	057343	063279	514711	003978	046404
000026	008112	1076966	003304	089802	119644	113651	003534	008732
000027	008052	1334937	002582	741226	778273	611652	003526	159373
000028	004302	131906	002901	130569	449248	939111	002426	464361
000029	000688	009150	000763	005336	054530	315841	000848	042115
000030	000226	006799	000236	000386	000410	003832	000077	001163
000031	000313	003691	000326	000296	000446	001236	000042	000790
000032	000671	000884	000120	000438	000606	001681	000073	000773
000033	000537	000178	000086	000159	000284	001524	000136	000912
000034	000204	000059	000063	000055	000110	000836	000091	000721
000035	000238	000027	000042	000032	000074	000413	000063	000388
000036	000257	000027	000039	000092	000069	000289	000026	000726
000037	000566	000015	000013	000084	000055	000476	000011	003606
000038	000581	000015	000049	000014	000054	000345	000017	000750
000039	000219	000006	000019	000006	000057	000167	000008	000419
000040	000141	000006	000018	000002	000058	000113	000008	000174
000041	000115	000007	000005	000004	000066	000095	000010	000524
000042	000173	000006	000010	000003	000061	000074	000009	001987
000043	000130	000002	000024	000002	000046	000068	000007	000360
000044	000162	000006	000005	000003	000053	000055	000012	000139
000045	000057	000004	000005	000001	000059	000072	000001	000083
000046	000025	000005	000003	000002	000034	000076	000002	000123
000047	000020	000003	000002	000000	000041	000111	000006	000425
000048	000007	000001	000002	000000	000025	000134	000006	000086
000049	000010	000007	000001	000004	000015	000106	000008	000027
000050	000013	000005	000000	000001	000017	000056	000025	000017
000051	000009	000007	000003	000001	000027	000090	000001	000013
000052	000007	000006	000001	000000	000026	000063	000003	000023
000053	000007	000001	000000	000001	000025	000071	000009	000009
000054	000007	000000	000004	000000	000016	000067	000010	000010
000055	000007	000001	000000	000003	000020	000062	000007	000007
000056	000008	000002	000001	000002	000013	000077	000001	000008
000057	000002	000001	000003	000000	000013	000069	000000	000011
000058	000006	000001	000001	000001	000008	000057	000000	000002
000059	000004	000000	000001	000001	000007	000038	000004	000006
000060	000000	000005	000001	000001	000006	000048	000003	000001
000061	000002	000001	000000	000002	000009	000059	000001	000003
000062	000007	000001	000001	000000	000006	000044	000000	000000
000063	000005	000003	000002	000002	000004	000050	000004	000002
000064	000011	000003	000003	000003	000006	000052	000000	000003
000065	000007	000002	000002	000000	000002	000058	000003	000001
000066	000004	000000	000002	000001	000003	000098	000000	000002
000067	000011	000003	000001	000002	000006	000087	000001	000000
000068	000004	000007	000001	000004	000003	000071	000000	000001
000069	000006	000005	000001	000003	000001	000070	000001	000002
000070	000003	000004	000000	000001	000009	000071	000003	000002
000071	000002	000000	000000	000003	000006	000074	000000	000000
000072	000004	000004	000000	000003	000004	000059	000000	000000
000073	000001	000001	000001	000001	000002	000055	000001	000000
000074	000001	000003	000000	000003	000004	000062	000000	000000
000075	000001	000001	000001	000001	000001	000089	000001	000000
000076	000001	000001	000000	000001	000002	000097	000000	000000
000077	000003	000002	000000	000001	000003	000054	000000	000000
000078	000003	000004	000000	000000	000001	000037	000000	000000
000079	000001	000007	000000	000002	000002	000040	000000	000001
000080	000001	000002	000001	000000	000005	000054	000000	000000
000081	000002	000001	000000	000000	000003	000062	000001	000000
000082	000002	000002	000000	000000	000005	000041	000000	000003
000083	000000	000001	000000	000000	000001	000024	000000	000001
000084	000001	000002	000000	000000	000003	000026	000000	000000
000085	000001	000003	000000	000000	000004	000051	000000	000000
000086	000001	000002	000000	000000	000002	000049	000000	000000
000087	000003	000000	000000	000000	000003	000033	000000	000002
000088	000005	000001	000000	000000	000003	000029	000000	000000
000089	000000	000001	000000	000000	000003	000036	000000	000000
000090	000000	000002	000001	000000	000003	000064	000000	000000
000091	000001	000001	000000	000000	000001	000058	000000	000000
000092	000001	000000	000000	000001	000000	000036	000000	000000
000093	000000	000001	000000	000000	000000	000025	000000	000000
000094	000000	000000	000000	000000	000003	000031	000000	000000
000095	000000	000001	000001	000000	000000	000032	000000	000000
000096	000000	000001	000000	000001	000002	000029	000000	000000
000097	000000	000000	000000	000000	000000	000013	000000	000001
000098	000000	000002	000000	000000	000001	000012	000001	000000
000099	000000	000000	000000	000000	000000	000018	000000	000000
000100	000000	000001	000001	000001	000001	000020	000000	000000
000101	000000	000000	000000	000000	000002	000018	000000	000000
000102	000000	000002	000000	000000	000001	000021	000000	000000
000103	000000	000000	000000	000000	000001	000014	000000	000000
000104	000000	000002	000000	000000	000001	000015	000000	000000
000105	000001	000000	000000	000000	000000	000023	000000	000000
000106	000000	000000	000000	000000	000000	000018	000000	000000
000107	000000	000003	000000	000000	000000	000015	000000	000000
000108	000000	000000	000000	000000	000002	000016	000000	000000
000109	000000	000000	000000	000000	000000	000012	000000	000000
000110	000000	000002	000000	000000	000001	000017	000000	000000
000111	000000	000002	000000	000000	000000	000009	000000	000000
000112	000000	000000	000000	000000	000000	000014	000000	000000
000113	000000	000002	000000	000000	000000	000006	000000	000001
000114	000000	000001	000000	000000	000000	000011	000000	000000
000115	000000	000003	000001	000000	000003	000008	000000	000000
000116	000000	000001	000000	000000	000001	000008	000000	000001
000117	000000	000000	000000	000000	000000	000002	000000	000000
000118	000000	000000	000000	000000	000000	000006	000000	000000
000119	000000	000001	000000	000000	000000	000006	000000	000000
000120	000000	000001	000001	000000	000000	000004	000000	000000
000121	000000	000002	000000	000000	000000	000001	000000	000000
000122	000000	000001	000000	000000	000000	000003	000000	000000
000123	000000	000001	000000	000000	000001	000004	000000	000000
000124	000000	000000	000000	000000	000001	000007	000000	000000
000125	000000	000000	000000	000000	000000	000002	000000	000000
000126	000000	000000	000000	000000	000000	000002	000000	000000
000127	000000	000001	000000	000000	000000	000002	000000	000000
000128	000000	000002	000000	000000	000000	000001	000000	000000
000129	000000	000000	000000	000000	000001	000001	000000	000000
000130	000000	000001	000000	000000	000000	000002	000000	000000
000131	000001	000000	000000	000000	000000	000001	000000	000000
000132	000000	000000	000000	000000	000000	000000	000000	000000
000133	000000	000000	000000	000000	000000	000000	000000	000000
000134	000000	000001	000000	000001	000002	000002	000000	000000
000135	000000	000001	000000	000000	000001	000001	000000	000000
000136	000000	000000	000000	000000	000000	000000	000000	000000
000137	000000	000001	000000	000000	000000	000000	000000	000000
000138	000000	000000	000000	000000	000000	000002	000000	000000
000139	000000	000000	000000	000000	000000	000000	000000	000000
000140	000000	000000	000000	000000	000000	000000	000000	000000
000141	000000	000000	000000	000000	000000	000000	000000	000000
000142	000000	000000	000000	000000	000000	000002	000000	000000
000143	000000	000000	000000	000000	000000	000000	000000	000000
000144	000000	000000	000000	000000	000000	000000	000000	000000
000145	000000	000000	000000	000002	000000	000000	000000	000000
000146	000000	000000	000000	000000	000000	000000	000000	000000
000147	000000	000000	000000	000001	000000	000001	000000	000000
000148	000000	000000	000000	000000	000000	000000	000000	000000
000149	000000	000000	000000	000000	000000	000000	000000	000000
000150	000000	000000	000000	000000	000001	000000	000000	000000
000151	000000	000000	000000	000000	000000	000000	000000	000000
000152	000000	000000	000000	000000	000000	000000	000000	000000
000153	000000	000000	000000	000000	000000	000000	000000	000000
000154	000000	000000	000000	000000	000000	000001	000000	000000
000155	000000	000000	000000	000000	000000	000001	000000	000000
000156	000000	000000	000000	000000	000000	000000	000000	000000
000157	000000	000000	000000	000000	000000	000000	000000	000000
000158	000000	000000	000000	000000	000000	000000	000000	000000
000159	000000	000000	000000	000000	000001	000001	000000	000000
000160	000000	000000	000000	000000	000000	000000	000000	000000
000161	000000	000001	000000	000000	000000	000000	000000	000000
000162	000000	000000	000000	000000	000000	000000	000000	000000
000163	000000	000000	000000	000000	000000	000001	000000	000000
000164	000000	000000	000000	000000	000000	000000	000000	000000
000165	000000	000000	000001	000000	000000	000000	000000	000000
000166	000000	000000	000000	000000	000000	000000	000000	000000
000167	000000	000000	000000	000000	000000	000000	000000	000000
000168	000000	000000	000000	000000	000000	000000	000000	000000
000169	000000	000000	000000	000000	000000	000000	000000	000000
000170	000000	000000	000000	000000	000000	000000	000000	000000
000171	000000	000000	000000	000000	000000	000001	000000	000000
000172	000000	000000	000000	000000	000000	000000	000000	000000
000173	000000	000000	000000	000000	000000	000000	000000	000000
000174	000000	000000	000001	000000	000000	000000	000000	000000
000175	000000	000000	000000	000000	000000	000001	000000	000000
000176	000000	000000	000000	000000	000000	000000	000000	000000
000177	000000	000000	000000	000000	000000	000000	000000	000000
000178	000000	000000	000000	000000	000000	000000	000000	000000
000179	000000	000000	000000	000001	000000	000000	000000	000000
000180	000000	000000	000000	000000	000000	000000	000000	000000
000181	000000	000000	000000	000000	000000	000000	000000	000000
000182	000000	000000	000000	000000	000000	000000	000000	000000
000183	000000	000000	000000	000000	000000	000000	000000	000000
000184	000000	000000	000000	000000	000000	000000	000000	000000
000185	000000	000000	000000	000000	000000	000000	000000	000000
000186	000000	000000	000000	000000	000000	000000	000000	000000
000187	000000	000000	000000	000000	000000	000000	000000	000000
000188	000000	000000	000000	000000	000000	000000	000000	000000
000189	000000	000000	000000	000000	000000	000000	000000	000000
000190	000000	000000	000000	000000	000000	000001	000000	000000
000191	000000	000000	000000	000000	000000	000000	000000	000000
000192	000000	000000	000000	000000	000000	000000	000000	000000
000193	000000	000000	000000	000000	000000	000000	000000	000000
000194	000000	000000	000000	000000	000000	000000	000000	000000
000195	000000	000000	000000	000000	000000	000000	000000	000000
000196	000000	000000	000001	000000	000000	000000	000000	000000
000197	000001	000000	000000	000000	000000	000000	000000	000000
000198	000000	000000	000000	000000	000000	000000	000000	000000
000199	000000	000000	000000	000000	000000	000000	000000	000000
000200	000000	000000	000000	000000	000000	000000	000000	000000
000201	000000	000000	000000	000000	000000	000000	000000	000000
000202	000000	000000	000000	000000	000000	000000	000000	000000
000203	000000	000000	000000	000000	000000	000000	000000	000000
000204	000000	000000	000000	000000	000000	000000	000000	000000
000205	000000	000000	000000	000000	000000	000000	000000	000000
000206	000000	000000	000000	000000	000000	000000	000000	000000
000207	000000	000000	000000	000000	000000	000000	000000	000000
000208	000000	000000	000000	000000	000000	000000	000000	000000
000209	000000	000000	000000	000000	000000	000000	000000	000000
000210	000000	000000	000000	000000	000000	000000	000000	000000
000211	000000	000000	000000	000000	000000	000000	000000	000000
000212	000000	000000	000000	000000	000000	000000	000000	000000
000213	000000	000000	000000	000000	000000	000000	000000	000000
000214	000000	000000	000000	000000	000000	000000	000000	000000
000215	000000	000000	000000	000000	000000	000000	000000	000000
000216	000000	000000	000000	000000	000000	000000	000000	000000
000217	000000	000000	000000	000000	000000	000000	000000	000000
000218	000000	000000	000000	000000	000000	000000	000000	000000
000219	000000	000000	000000	000000	000000	000000	000000	000000
000220	000000	000000	000000	000000	000000	000000	000000	000000
000221	000000	000000	000000	000000	000000	000000	000000	000000
000222	000000	000000	000000	000000	000000	000000	000000	000000
000223	000000	000000	000000	000000	000000	000000	000000	000000
000224	000000	000000	000000	000000	000000	000000	000000	000000
000225	000000	000000	000000	000000	000000	000000	000000	000000
000226	000000	000000	000000	000000	000000	000000	000000	000000
000227	000000	000000	000000	000000	000000	000000	000000	000000
000228	000000	000000	000001	000000	000000	000000	000000	000000
000229	000000	000000	000000	000000	000000	000000	000000	000000
000230	000000	000000	000000	000000	000000	000000	000000	000000
000231	000000	000000	000000	000000	000000	000000	000000	000000
000232	000000	000000	000000	000000	000000	000000	000000	000000
000233	000000	000000	000000	000000	000000	000000	000000	000000
000234	000000	000000	000000	000000	000000	000000	000000	000000
000235	000000	000000	000000	000000	000000	000000	000000	000000
000236	000000	000000	000000	000000	000000	000000	000000	000000
000237	000000	000000	000000	000000	000000	000000	000000	000000
000238	000000	000001	000000	000000	000000	000000	000000	000000
000239	000000	000000	000000	000000	000000	000000	000000	000000
000240	000000	000000	000000	000000	000000	000000	000000	000000
000241	000000	000000	000000	000000	000000	000000	000000	000000
000242	000000	000000	000000	000000	000000	000000	000000	000000
000243	000000	000000	000000	000000	000000	000000	000000	000000
000244	000000	000000	000000	000000	000000	000000	000000	000000
000245	000000	000000	000000	000000	000000	000000	000000	000000
000246	000000	000000	000000	000000	000000	000000	000000	000000
000247	000000	000000	000000	000000	000000	000000	000000	000000
000248	000000	000000	000000	000000	000000	000000	000000	000000
000249	000000	000000	000000	000000	000000	000000	000000	000000
000250	000000	000000	000000	000000	000000	000000	000000	000000
000251	000000	000000	000000	000000	000000	000000	000000	000000
000252	000000	000000	000000	000000	000000	000000	000000	000000
000253	000000	000000	000000	000000	000000	000000	000000	000000
000254	000000	000000	000000	000000	000000	000000	000000	000000
000255	000000	000000	000000	000000	000000	000000	000000	000000
000256	000000	000000	000000	000000	000000	000000	000000	000000
000257	000000	000000	000000	000000	000000	000000	000000	000000
000258	000000	000000	000000	000000	000000	000000	000000	000000
000259	000000	000000	000000	000000	000000	000000	000000	000000
000260	000001	000000	000000	000000	000000	000000	000000	000000
000261	000000	000000	000000	000000	000000	000000	000000	000000
000262	000000	000000	000000	000000	000000	000000	000000	000000
000263	000000	000000	000000	000000	000000	000000	000000	000000
000264	000000	000000	000000	000000	000000	000000	000000	000000
000265	000000	000000	000000	000001	000000	000000	000000	000000
000266	000000	000000	000000	000000	000000	000000	000000	000000
000267	000000	000000	000000	000000	000000	000000	000000	000000
000268	000000	000000	000000	000000	000000	000000	000000	000000
000269	000000	000000	000000	000000	000000	000000	000000	000000
000270	000000	000000	000000	000000	000000	000000	000000	000000
000271	000000	000000	000000	000000	000000	000000	000000	000000
000272	000000	000000	000000	000000	000000	000000	000000	000000
000273	000000	000000	000000	000000	000000	000000	000000	000000
000274	000000	000000	000000	000000	000000	000000	000000	000000
000275	000000	000000	000000	000000	000000	000000	000000	000000
000276	000000	000000	000000	000000	000000	000000	000000	000000
000277	000000	000000	000000	000000	000000	000000	000000	000000
000278	000000	000000	000000	000000	000000	000000	000000	000000
000279	000000	000000	000000	000000	000000	000000	000000	000000
000280	000000	000000	000000	000000	000000	000000	000000	000000
000281	000000	000000	000000	000000	000000	000000	000000	000000
000282	000000	000000	000000	000000	000000	000000	000000	000000
000283	000000	000000	000000	000000	000000	000000	000000	000000
000284	000000	000000	000000	000000	000000	000000	000000	000000
000285	000000	000000	000000	000000	000000	000000	000000	000000
000286	000000	000000	000000	000000	000000	000000	000000	000000
000287	000000	000000	000000	000000	000000	000000	000000	000000
000288	000000	000000	000000	000000	000000	000000	000000	000000
000289	000000	000000	000000	000000	000000	000000	000000	000000
000290	000000	000000	000000	000000	000000	000000	000000	000000
000291	000000	000000	000000	000000	000000	000000	000000	000000
000292	000000	000000	000000	000000	000000	000000	000000	000000
000293	000000	000000	000000	000000	000000	000000	000000	000000
000294	000000	000000	000000	000000	000000	000000	000000	000000
000295	000000	000000	000000	000000	000000	000000	000000	000000
000296	000000	000000	000000	000000	000000	000000	000000	000000
000297	000000	000000	000000	000000	000000	000000	000000	000000
000298	000000	000000	000000	000000	000000	000000	000000	000000
000299	000000	000000	000000	000000	000000	000000	000000	000000
000300	000000	000000	000000	000000	000000	000000	000000	000000
000301	000000	000000	000000	000000	000000	000000	000000	000000
000302	000000	000000	000000	000000	000000	000000	000000	000000
000303	000000	000000	000000	000000	000000	000000	000000	000000
000304	000000	000000	000000	000000	000000	000000	000000	000000
000305	000000	000000	000000	000000	000000	000000	000000	000000
000306	000000	000000	000000	000000	000000	000000	000000	000000
000307	000000	000000	000000	000000	000000	000000	000000	000000
000308	000000	000000	000000	000000	000000	000000	000000	000000
000309	000000	000000	000000	000000	000000	000000	000000	000000
000310	000000	000000	000000	000000	000000	000000	000000	000000
000311	000000	000001	000000	000000	000000	000000	000000	000000
000312	000000	000000	000000	000000	000000	000000	000000	000000
000313	000000	000000	000000	000000	000000	000000	000000	000000
000314	000000	000000	000000	000000	000000	000000	000000	000000
000315	000000	000000	000000	000000	000000	000000	000000	000000
000316	000000	000000	000000	000000	000000	000000	000000	000000
000317	000000	000000	000000	000000	000000	000000	000000	000000
000318	000000	000000	000000	000000	000000	000000	000000	000000
000319	000000	000000	000000	000000	000000	000000	000000	000000
000320	000000	000000	000000	000000	000000	000000	000000	000000
000321	000000	000000	000000	000000	000000	000000	000000	000000
000322	000000	000000	000000	000000	000000	000000	000000	000000
000323	000000	000000	000000	000000	000000	000000	000000	000000
000324	000000	000000	000000	000000	000000	000000	000000	000000
000325	000000	000000	000000	000000	000000	000000	000000	000000
000326	000000	000000	000000	000000	000001	000000	000000	000000
000327	000000	000000	000000	000000	000000	000000	000000	000000
000328	000000	000000	000000	000000	000000	000000	000000	000000
000329	000000	000000	000000	000000	000000	000000	000000	000000
000330	000000	000000	000000	000000	000000	000000	000000	000000
000331	000000	000000	000000	000000	000000	000000	000000	000000
000332	000000	000000	000000	000000	000000	000000	000000	000000
000333	000000	000000	000000	000000	000000	000000	000000	000000
000334	000000	000000	000000	000000	000000	000000	000000	000000
000335	000000	000000	000000	000000	000000	000000	000000	000000
000336	000000	000000	000000	000000	000000	000000	000000	000000
000337	000000	000001	000000	000000	000000	000000	000000	000000
000338	000000	000000	000000	000000	000000	000000	000000	000000
000339	000000	000000	000000	000000	000000	000000	000000	000000
000340	000000	000000	000000	000000	000000	000000	000000	000000
000341	000000	000000	000000	000000	000000	000000	000000	000000
000342	000000	000000	000000	000000	000000	000000	000000	000000
000343	000000	000000	000000	000000	000000	000000	000000	000000
000344	000000	000000	000000	000000	000001	000000	000000	000000
000345	000000	000000	000000	000000	000000	000000	000000	000000
000346	000000	000000	000000	000000	000000	000000	000000	000000
000347	000000	000000	000000	000000	000000	000000	000000	000000
000348	000000	000000	000000	000000	000000	000000	000000	000000
000349	000000	000000	000000	000000	000000	000000	000000	000000
000350	000000	000000	000000	000000	000000	000000	000000	000000
000351	000000	000000	000000	000000	000000	000000	000000	000000
000352	000000	000000	000000	000000	000000	000000	000000	000000
000353	000000	000000	000000	000000	000000	000000	000000	000000
000354	000000	000000	000000	000000	000000	000000	000000	000000
000355	000000	000000	000000	000000	000000	000000	000000	000000
000356	000000	000000	000000	000000	000000	000000	000000	000000
000357	000000	000000	000000	000000	000000	000000	000000	000000
000358	000000	000000	000000	000000	000000	000000	000000	000000
000359	000000	000000	000000	000000	000000	000000	000000	000000
000360	000000	000000	000000	000000	000000	000000	000000	000000
000361	000000	000000	000000	000000	000000	000000	000000	000000
000362	000000	000000	000000	000000	000000	000000	000000	000000
000363	000000	000000	000000	000000	000000	000000	000000	000000
000364	000000	000000	000000	000000	000000	000000	000000	000000
000365	000000	000000	000000	000000	000000	000000	000000	000000
000366	000000	000000	000000	000000	000000	000000	000000	000000
000367	000000	000000	000000	000000	000000	000000	000000	000000
000368	000000	000000	000000	000000	000000	000000	000000	000000
000369	000000	000000	000000	000000	000000	000000	000000	000000
000370	000000	000000	000000	000000	000000	000000	000000	000000
000371	000000	000000	000000	000000	000000	000000	000000	000000
000372	000000	000000	000000	000000	000000	000000	000000	000000
000373	000000	000000	000000	000000	000000	000000	000000	000000
000374	000000	000000	000000	000000	000000	000000	000000	000000
000375	000000	000000	000000	000000	000000	000000	000000	000000
000376	000000	000000	000000	000000	000000	000000	000000	000000
000377	000000	000000	000000	000000	000000	000000	000000	000000
000378	000000	000000	000000	000000	000000	000000	000000	000000
000379	000000	000000	000000	000000	000000	000000	000000	000000
000380	000000	000000	000000	000000	000000	000000	000000	000001
000381	000000	000000	000000	000000	000000	000000	000000	000000
000382	000000	000000	000000	000000	000000	000000	000000	000000
000383	000000	000000	000000	000000	000000	000000	000000	000000
000384	000000	000000	000000	000000	000000	000000	000000	000000
000385	000000	000000	000000	000000	000000	000000	000000	000000
000386	000000	000000	000000	000000	000000	000000	000000	000000
000387	000000	000000	000000	000000	000000	000000	000000	000000
000388	000000	000000	000000	000000	000000	000000	000000	000000
000389	000000	000000	000000	000000	000000	000000	000000	000000
000390	000000	000000	000000	000000	000000	000000	000000	000000
000391	000000	000000	000001	000000	000000	000000	000000	000000
000392	000000	000000	000000	000000	000000	000000	000000	000000
000393	000000	000000	000000	000000	000000	000000	000000	000000
000394	000000	000000	000000	000000	000000	000000	000000	000000
000395	000000	000000	000000	000000	000000	000000	000000	000000
000396	000000	000000	000000	000000	000000	000000	000000	000000
000397	000000	000000	000000	000000	000000	000000	000000	000000
000398	000000	000000	000000	000000	000000	000000	000000	000000
000399	000000	000000	000000	000000	000000	000000	000000	000000
